Month ;% sum ;sum
1;1,67;1001,67
2;1,67;1003,35
3;1,68;1005,03
4;1,68;1006,71
5;1,68;1008,40
6;1,68;1010,09
7;1,69;1011,78
8;1,69;1013,48
9;1,69;1015,17
10;1,70;1016,87
11;1,70;1018,58
12;1,70;1020,28
13;1,70;1021,99
14;1,71;1023,71
15;1,71;1025,42
16;1,71;1027,14
17;1,72;1028,86
18;1,72;1030,58
19;1,72;1032,31
20;1,72;1034,04
21;1,73;1035,77
22;1,73;1037,51
23;1,73;1039,25
24;1,74;1040,99
Summ at the;end of deposit;41,85